# X , Y , E
40995
1255.29,0.870306,0.00267576
1297.13,0.869075,0.00265397
1339.65,0.868306,0.00265493
1382.86,0.866642,0.00266197
1426.76,0.871149,0.00269102
1471.34,0.874779,0.00272497
1516.6,0.881353,0.00276998
1562.56,0.891956,0.0028335
1609.19,0.900111,0.00288892
1656.52,0.909618,0.00295126
1704.53,0.921855,0.00302734
1753.22,0.934229,0.00310365
1802.61,0.947224,0.00320355
1852.67,0.961056,0.00327716
1903.43,0.977347,0.00338786
1954.87,0.98803,0.00345905
2006.99,0.994622,0.00350851
2059.8,0.988731,0.00353885
2113.3,0.977151,0.00355866
2167.48,0.961978,0.00356618
2222.35,0.942235,0.0035877
2277.9,0.918308,0.0035132
2334.14,0.895986,0.00345603
2391.07,0.86758,0.003418
2448.68,0.841877,0.00339079
2506.98,0.817907,0.00336052
2565.96,0.787833,0.00332747
2625.63,0.763199,0.00327015
2685.99,0.752604,0.00325866
2747.03,0.737235,0.00323894
2808.76,0.733776,0.00325643
2871.17,0.726041,0.00327274
2934.27,0.718608,0.00329976
2998.06,0.711285,0.00337117
3062.53,0.705987,0.00333599
3127.68,0.703734,0.00335405
3193.52,0.696735,0.00338744
3260.05,0.690272,0.00341524
3327.27,0.694256,0.00348688
3395.17,0.703629,0.0035706
3463.75,0.725829,0.00371984
3533.02,0.753174,0.00386258
3602.98,0.788915,0.00402268
3673.62,0.825308,0.00421866
3744.95,0.870727,0.00446947
3816.97,0.910215,0.00464738
3889.67,0.949522,0.00485123
3963.06,0.975965,0.00502459
4037.13,0.979856,0.00513632
4111.89,0.953568,0.00513535
4187.33,0.914938,0.00508888
4263.46,0.85935,0.00496049
4340.28,0.809042,0.00487035
4417.78,0.757898,0.00478025
4495.97,0.699448,0.00465242
4574.84,0.649925,0.00457953
4654.4,0.610255,0.00451881
4734.65,0.585687,0.00451802
4815.58,0.568052,0.00453175
4897.19,0.560327,0.0045986
4979.5,0.56459,0.00469936
5062.49,0.537184,0.00466839
5146.16,0.541546,0.00479605
5230.52,0.543049,0.00489504
5315.57,0.543962,0.00498474
5401.3,0.573633,0.00520694
5487.72,0.619514,0.00546898
5574.82,0.677288,0.00581455
5662.61,0.751855,0.00628872
5751.09,0.825265,0.0067599
5840.25,0.89815,0.00723718
5930.1,0.951518,0.00770188
6020.63,0.978641,0.0079891
6111.85,0.933411,0.00787567
6203.75,0.859423,0.00758054
6296.34,0.776612,0.00731826
6389.62,0.692445,0.0070239
6483.58,0.603568,0.00669907
6578.23,0.533938,0.00652417
6673.57,0.468801,0.00636345
6769.59,0.434818,0.00633199
6866.29,0.433068,0.00645507
6963.68,0.403723,0.00644986
7061.76,0.414394,0.00658196
7160.52,0.402189,0.00668295
7259.97,0.407624,0.00684532
7360.11,0.429196,0.0070913
7460.93,0.49856,0.00757199
7562.44,0.596203,0.00820785
7664.63,0.69387,0.00897344
7767.51,0.809438,0.00989445
7871.07,0.91642,0.0109039
7975.32,0.962955,0.0114488
8080.26,0.931246,0.0113475
8185.88,0.833252,0.0108318
8292.19,0.721153,0.0102271
8399.18,0.587298,0.00935356
8506.86,0.476971,0.00909955
8615.23,0.392174,0.00880882
8724.28,0.341111,0.00858219
8834.02,0.297611,0.00856321
8944.44,0.297145,0.00874699
9055.55,0.267574,0.00875893
9167.34,0.263688,0.00900759
9279.83,0.304882,0.00935006
9392.99,0.357164,0.00987269
9506.84,0.477485,0.0107521
9621.38,0.594305,0.0116673
9736.61,0.750223,0.0132858
9852.52,0.877776,0.0147735
9969.11,0.921837,0.0153549
10086.4,0.881056,0.0154444
10204.4,0.76783,0.014698
10323,0.616691,0.0135549
10442.4,0.465053,0.0126599
10562.4,0.323803,0.012067
10683.1,0.237684,0.0116928
10804.5,0.209641,0.0120339
10926.6,0.205708,0.0122584
11049.3,0.150001,0.0122062
11172.8,0.164591,0.0124639
11296.9,0.184104,0.0130749
11421.8,0.310102,0.0137828
11547.3,0.450071,0.0152033
11673.5,0.661357,0.0175
11800.4,0.820878,0.0195832
11927.9,0.923523,0.0213235
12056.2,0.914428,0.0220203
12185.1,0.723462,0.0194263
12314.7,0.572061,0.0183117
12445.1,0.371889,0.0163648
12576.1,0.208067,0.015883
12707.7,0.123466,0.0158558
12840.1,0.0878164,0.015835
12973.2,0.0672413,0.0166558
13106.9,0.0699151,0.0168054
13241.3,0.108893,0.0173117
13376.5,0.200767,0.0180364
13512.3,0.387925,0.0199091
13648.7,0.645926,0.023893
13785.9,0.814483,0.0259359
13923.8,0.947942,0.0291612
14062.3,0.901779,0.0288674
14201.5,0.682165,0.0259372
14341.5,0.47998,0.0235426
14482.1,0.248373,0.0218235
14623.3,0.0797763,0.0212119
14765.3,0.0383973,0.021459
14908,-0.0117945,0.0226113
15051.3,-0.0622028,0.0228602
15195.3,0.0364521,0.0226659
15340.1,0.138372,0.0244227
15485.5,0.285931,0.0259013
15631.6,0.596437,0.0306292
15778.3,0.810822,0.0341328
15925.8,0.879227,0.0370207
16073.9,0.808396,0.0365462
16222.8,0.588903,0.0332272
16372.3,0.375083,0.0302992
16522.5,0.130492,0.0286657
16673.4,-0.0545438,0.0285523
16824.9,-0.0728977,0.0295288
16977.2,-0.147173,0.0313599
17130.2,-0.118779,0.0336462
17283.8,0.0236393,0.0316864
17438.1,0.212125,0.0319093
17593.1,0.510425,0.0393613
17748.8,0.758071,0.0442916
17905.2,0.913846,0.0494521
18062.2,0.827624,0.0488152
18220,0.553736,0.0424304
18378.4,0.267287,0.0387308
18537.5,0.0265433,0.0381636
18697.3,-0.0109621,0.0386882
18857.8,-0.134777,0.0418238
19019,-0.179754,0.0432096
19180.9,-0.134378,0.0442392
19343.4,0.132595,0.0444833
19506.6,0.406205,0.0479536
19670.6,0.69899,0.0591486
19835.2,0.923838,0.0672468
20000.5,0.795716,0.0635209
20166.4,0.684404,0.0636586
20333.1,0.283624,0.0510703
20500.5,0.0236876,0.0478757
20668.5,-0.115415,0.0498506
20837.2,-0.206091,0.0585111
21006.6,-0.173151,0.0577976
21176.7,-0.150142,0.0593861
21347.5,0.0390106,0.0574042
