# X , Y , E
40995
6252.51,0.843056,0.0048786
6309.35,0.807202,0.00480072
6366.45,0.772353,0.00472773
6423.81,0.722183,0.00457981
6481.42,0.688843,0.00451046
6539.29,0.657482,0.00445827
6597.41,0.640715,0.00444535
6655.8,0.624985,0.00446015
6714.44,0.615187,0.0044506
6773.34,0.612045,0.00450311
6832.49,0.598811,0.0044788
6891.9,0.593582,0.00454679
6951.57,0.582027,0.00451883
7011.5,0.589382,0.00460304
7071.68,0.583251,0.0046327
7132.13,0.57764,0.00463153
7192.82,0.572677,0.00467915
7253.78,0.59463,0.00481008
7314.99,0.608524,0.00488267
7376.46,0.638596,0.00505557
7438.19,0.669371,0.00518942
7500.17,0.71518,0.00544309
7562.42,0.75549,0.00566204
7624.91,0.806849,0.00591564
7687.67,0.845685,0.00613382
7750.68,0.896427,0.00642904
7813.95,0.927761,0.00662988
7877.48,0.955924,0.00687518
7941.27,0.96398,0.00700377
8005.31,0.958252,0.00702739
8069.61,0.919375,0.00689617
8134.16,0.866926,0.00668555
8198.98,0.822155,0.00655981
8264.05,0.768619,0.00638213
8329.38,0.717582,0.00621412
8394.96,0.659111,0.00600563
8460.8,0.632547,0.00599215
8526.9,0.577101,0.00587876
8593.26,0.552602,0.00578264
8659.87,0.526525,0.00577363
8726.75,0.511607,0.00578667
8793.87,0.494876,0.00581838
8861.26,0.498022,0.00591502
8928.9,0.489471,0.0058933
8996.8,0.492441,0.00602113
9064.96,0.48732,0.00603237
9133.37,0.486914,0.0061388
9202.04,0.490835,0.00617922
9270.97,0.515112,0.00640795
9340.16,0.549027,0.00658752
9409.6,0.594634,0.00683002
9479.3,0.663224,0.00720742
9549.26,0.716557,0.00760424
9619.47,0.762417,0.00781886
9689.95,0.851168,0.00844695
9760.68,0.894936,0.00883012
9831.66,0.937488,0.00912192
9902.91,0.943338,0.00925478
9974.41,0.938138,0.00933714
10046.2,0.898692,0.00923236
10118.2,0.848228,0.00897993
10190.5,0.767148,0.0085091
10263,0.704363,0.00828516
10335.8,0.640592,0.00798975
10408.8,0.580943,0.00777036
10482.1,0.524215,0.00763785
10555.7,0.479574,0.00739827
10629.5,0.461312,0.00742467
10703.6,0.443675,0.00737093
10777.9,0.429415,0.00744957
10852.5,0.413076,0.00748847
10927.3,0.407066,0.00746127
11002.4,0.401987,0.00754683
11077.8,0.394011,0.00756969
11153.4,0.409441,0.0077356
11229.3,0.444948,0.00809065
11305.4,0.475397,0.00824915
11381.8,0.530414,0.00862112
11458.4,0.615684,0.00916128
11535.3,0.688905,0.00973868
11612.5,0.776765,0.0104432
11689.9,0.860485,0.0111869
11767.6,0.927409,0.0119076
11845.5,0.942194,0.0119552
11923.7,0.922237,0.0118657
12002.1,0.879047,0.0116384
12080.8,0.82285,0.0114008
12159.8,0.731286,0.0108792
12239,0.647924,0.0102836
12318.5,0.566973,0.00991481
12398.2,0.489852,0.00949763
12478.2,0.418029,0.00935742
12558.5,0.389232,0.00920053
12639,0.373951,0.00931296
12719.7,0.356249,0.00931315
12800.7,0.346227,0.00929342
12882,0.320459,0.00932987
12963.5,0.334084,0.00949242
13045.3,0.308774,0.00949832
13127.4,0.329831,0.00957894
13209.7,0.370251,0.00983398
13292.2,0.433998,0.0104949
13375.1,0.505374,0.0109094
13458.1,0.590115,0.01154
13541.5,0.69419,0.0125123
13625.1,0.781553,0.0132004
13708.9,0.896797,0.0149191
13793,0.92203,0.01488
13877.4,0.911512,0.01494
13962,0.874891,0.0147898
14046.9,0.781306,0.0140007
14132,0.687096,0.0132075
14217.4,0.615743,0.0129818
14303,0.496697,0.0121618
14388.9,0.395921,0.0116616
14475.1,0.33865,0.0114284
14561.5,0.303974,0.0114936
14648.2,0.270654,0.0116801
14735.1,0.268835,0.0118551
14822.3,0.263544,0.012002
14909.8,0.246869,0.0117428
14997.5,0.229963,0.0118884
15085.4,0.230512,0.0118151
15173.6,0.312857,0.0124432
15262.1,0.341041,0.012735
15350.8,0.477614,0.0140171
15439.8,0.556418,0.0145722
15529.1,0.711418,0.0164531
15618.6,0.780488,0.0172186
15708.3,0.893076,0.0187001
15798.4,0.928511,0.0191983
15888.6,0.893795,0.0195814
15979.2,0.806329,0.0182436
16070,0.711224,0.0171864
16161,0.545497,0.0157267
16252.3,0.481762,0.015619
16343.9,0.381821,0.0147655
16435.7,0.30243,0.014461
16527.8,0.253802,0.0142892
16620.1,0.223511,0.0149581
16712.7,0.196888,0.0144385
16805.5,0.174537,0.0150494
16898.7,0.163961,0.0147624
16992,0.165991,0.0152243
17085.6,0.182158,0.0150602
17179.5,0.273876,0.015692
17273.6,0.396566,0.0175796
17368,0.504321,0.0178617
17462.7,0.605098,0.0195778
17557.6,0.745929,0.0209371
17652.8,0.855175,0.0225109
17748.2,0.892942,0.0232672
17843.9,0.887734,0.0237631
17939.8,0.833983,0.0234099
18036,0.667941,0.0210138
18132.4,0.559318,0.0203569
18229.1,0.477564,0.0202566
18326.1,0.29355,0.0181652
18423.3,0.229341,0.0186095
18520.8,0.221825,0.0186985
18618.5,0.161308,0.018747
18716.5,0.131489,0.0184033
18814.8,0.129791,0.018494
18913.3,0.136201,0.0188764
19012,0.135155,0.0186562
19111.1,0.156338,0.0194874
19210.3,0.303748,0.0213814
19309.9,0.415208,0.0210593
19409.7,0.530078,0.0233732
19509.7,0.754563,0.0268889
19610,0.778223,0.0265334
19710.6,0.882137,0.0298991
19811.4,0.869857,0.0296239
19912.5,0.770823,0.0283423
20013.8,0.627161,0.0259571
20115.4,0.474159,0.0247048
20217.3,0.344675,0.0236869
20319.4,0.233634,0.0226567
20421.7,0.153843,0.0230986
20524.4,0.118092,0.0225634
20627.2,0.110011,0.0231965
20730.4,0.0714608,0.0236206
20833.8,0.0418517,0.0250007
20937.4,0.0611658,0.0234617
21041.3,0.121124,0.0243602
21145.5,0.169817,0.0254792
21249.9,0.327471,0.0273426
21354.6,0.486514,0.0301686
21459.5,0.649648,0.0332207
21564.7,0.821207,0.0360567
21670.2,0.883797,0.0372556
21775.9,0.831026,0.0365845
21881.8,0.796733,0.0385509
21988.1,0.6693,0.0334015
22094.5,0.496385,0.0325278
22201.3,0.344431,0.0311221
22308.3,0.179307,0.0305652
22415.5,0.0909389,0.0306041
22523,0.0483918,0.0287477
22630.8,0.0845663,0.0296871
22738.8,0.0371654,0.0308871
22847.1,0.0183853,0.0322971
22955.6,0.0820465,0.0311796
23064.4,0.133049,0.0313047
23173.5,0.238566,0.0316195
23282.8,0.329929,0.0328589
23392.4,0.582377,0.0390482
23502.2,0.735634,0.0417903
23612.3,0.901245,0.0484025
23722.6,0.815261,0.0459589
23833.2,0.720345,0.0428069
23944,0.582244,0.0405084
24055.1,0.44163,0.0397883
24166.5,0.26908,0.03847
24278.1,0.140287,0.0356377
24390,0.0716125,0.0412547
24502.2,-0.00562905,0.0394723
24614.6,-0.0070535,0.0360124
24727.2,-0.0292805,0.0373636
24840.1,-0.0211913,0.0412529
24953.3,0.0629329,0.0383767
25066.7,0.0245898,0.0430066
25180.4,0.294303,0.0459273
25294.3,0.450987,0.0421216
25408.5,0.641717,0.0481416
25523,0.812078,0.0590822
25637.7,0.883612,0.0594618
25752.6,0.788796,0.0547551
25867.9,0.645414,0.0541105
25983.4,0.487874,0.0488017
26099.1,0.404224,0.0515101
26215.1,0.0274909,0.049668
26331.3,-0.00465179,0.0532902
26447.8,-0.015025,0.0532024
26564.6,0.0285278,0.0525105
26681.6,-0.187157,0.0544726
26798.9,-0.121937,0.0473568
26916.5,-0.0184071,0.0586906
27034.3,0.0156495,0.0642569
27152.3,0.218193,0.0581816
27270.6,0.484181,0.0562476
27389.2,0.69634,0.072138
27508,1.03251,0.0999533
27627.1,0.856439,0.0760667
27746.4,0.651227,0.0649817
27866,0.711244,0.10018
27985.9,0.643155,0.0852625
28106,0.337114,0.0747274
28226.4,0.158903,0.0869861
28347,-0.177339,0.0708341
28467.9,-0.0706363,0.0794555
28589,-0.170563,0.0653875
28710.4,-0.175725,0.0827937
28832.1,-0.305386,0.0852263
28954,-0.0562948,0.0583192
29076.1,0.307385,0.0757844
29198.6,0.828766,2.0579
29321.2,0.552474,0.0808204
29444.2,0.658694,0.0840595
29567.4,0.853536,0.117227
29690.8,0.963828,0.174172
29814.6,0.45772,0.0803652
29938.5,0.422032,0.0847344
30062.7,0.248712,0.0734616
30187.2,0.077918,0.181778
30312,-0.0744504,0.132507
30437,-0.248456,0.158307
30562.2,-0.149101,0.0944315
30687.7,0.0636747,0.0866055
30813.5,-0.217519,0.415235
30939.5,0.0239565,0.152531
31065.8,0.330003,0.117034
31192.4,0.722025,0.17079
31319.2,0.35677,0.188702
31446.2,1.31146,0.772945
31573.5,1.30555,1.081
31701.1,0.888717,0.26644
31828.9,0.780081,0.396038
31957,0.893543,1.65246
32085.3,0.495316,0.231093
32213.9,-0.139881,0.111745
32342.8,-0.241145,0.281618
32471.9,-0.247011,0.111009
32601.3,-0.113692,0.182887
32730.9,-0.17371,0.145379
32860.8,-0.0809068,0.131708
32990.9,0.118492,0.161003
33121.3,0.149435,0.661236
33252,0.441388,1.43641
33382.9,0.791139,0.360475
33514.1,0.978036,0.974101
33645.5,0.351164,3.56981
33777.2,0.728562,0.270961
33909.1,0.415507,0.127812
34041.3,0.122126,0.195725
34173.8,0.30714,0.902518
34306.5,-0.349345,0.568238
34439.5,0.24696,1.39444
34572.7,0.418307,5.39824
34706.2,-0.308054,0.22313
34839.9,0.402184,1.68327
34973.9,0.491694,1.05558
35108.2,0.368722,0.427254
35242.7,0.900891,6.12733
35377.5,1.36021,0.860245
35512.5,2.27408,72.9263
35647.8,0.260489,1.92474
35783.3,0.0672184,3.74086
35919.1,-0.46599,0.744392
36055.2,-0.917389,66.1625
36191.5,0.177789,1.62954
36328.1,0.00638418,8.66558
